#
test # 1
53.640679   26.527206
54.051939   25.134053

"SELECT * FROM elevation WHERE ...
    time_2.1: 0.00036826599989581155
	time_2.2: 0.0004017060000478523
	time_x: 3.946428552615567e-07 p_len: 65925665 sum: 26.017092670616876 abs_if: 5015
	time_i: 5.792422701667247e-05 arr_len: 640055 sum: 37.0746911231563
	time_2.3: 38.7962396769999 (0.6466039946166651 min)         - 10 sec !!!
	time_3: 40.65621745599947 (0.6776036242666578 min)

"SELECT * FROM elevation"
    time_2.1: 0.0003367750005054404
	time_2.2: 0.0003672120001283474
	time_x: 3.8891504230376225e-07 p_len: 65925665 sum: 25.639482792378658 abs_if: 5015
	time_i: 6.66879927721576e-06 arr_len: 6105451 sum: 40.71602721587624
	time_2.3: 48.49580243499986 (0.8082633739166644 min)
	time_3: 76.58631013400009 (1.2764385022333349 min)

